# ============================================================
# SHARED CONFIG: patients excluded from all modeling because they died
# within the first 48h of ICU admission (identified by a separate
# upstream script -- see teammate's cohort-definition work).
#
# Sourced by both pipelines' Step 4/5 (fit) and Step 6/7 (predict/
# evaluate) scripts -- logistic and RF -- so this list can never drift
# between files or between train-side and test-side filtering. Update
# this ONE file if the excluded population ever changes; every script
# that sources it picks up the change automatically.
# ============================================================

excluded_subject_ids <- c(
  10326273, 10442543, 10547640, 11481318, 11802193, 12130963, 12852254, 14368383, 14815027, 15822558, 16004662,
  16433374, 16508905, 17471925, 17528095, 17726962, 18202796, 18585906, 18891052, 19181803, 19463304, 19472788,
  19523707, 19751955, 19848900, 10111471, 10226399, 10584941, 11272778, 11707036, 11921090, 12259105, 12725295,
  13852466, 14112332, 14288514, 14490698, 14628472, 15057220, 15364928, 15612258, 15882381, 16126644, 16259761,
  16275019, 17959982, 18819549, 18966710, 19340375, 19418926, 10075506, 10675361, 11885267, 12429606, 13007347,
  13973605, 14223179, 14247206, 14975201, 15111957, 15429606, 15558105, 15625079, 16540359, 17886662, 17982005,
  18914886, 19069982, 19593271, 19787497, 10253355, 10257895, 10478935, 10535413, 10602808, 12360636, 12625272,
  12713322, 12905072, 13343032, 13871417, 15123048, 15442759, 15585673, 15768571, 16326458, 16514011, 16727737,
  17536748, 18310386, 18635171, 18941300, 19122895, 19231248, 19278876, 19403388, 19412083, 10153420, 10179938,
  11061972, 11114467, 11854457, 12646229, 13101078, 14089575, 14663112, 15281579, 15373990, 15962265, 16034243,
  16137601, 16525967, 10144089, 10720228, 11560497, 12053011, 13582491, 13684309, 13720005, 13762552, 14233915,
  14520615, 15600053, 15907529, 17418890, 17947722, 19352227, 19402063, 10106165, 10112880, 11549544, 11722172,
  11732244, 11913938, 12265009, 12458851, 12702538, 13720987, 13723356, 14369272, 15048581, 15226441, 17293846,
  17327419, 18250712, 18473223, 18793846, 19287751, 19307423, 19470403, 10049642, 10270064, 10825313, 11004183,
  11018658, 12221723, 12233558, 12309099, 13603188, 14114656, 14725974, 14988847, 15311288, 15552515, 15854999,
  15909915, 16081944, 16687584, 16778395, 18172078, 18248681, 18554370, 18951588, 19904685, 10245374, 10262574,
  10382177, 11027472, 11350044, 11569817, 13033181, 13613546, 13783774, 13902673, 14284282, 14421640, 14838267,
  15113915, 16056209, 16248948, 16393152, 17226685, 17975678, 19440297, 10111101, 10593481, 11121125, 11622426,
  12173825, 13090296, 13198822, 13348568, 14514630, 14633465, 15125253, 15149974, 16139162, 16155414, 17553130,
  17635990, 17737643, 18290572, 10504539, 10780769, 11436324, 11457273, 11669818, 11731531, 12441528, 12686478,
  12784758, 13522532, 14795899, 17355673, 17357560, 17782556, 18341422, 19102039, 19885636, 10810168, 11235409,
  11289321, 11625891, 11722148, 12735239, 13042472, 13877230, 13916620, 15696612, 16093032, 16325086, 16528283,
  16940596, 16956980, 17261054, 17958466, 18119847, 18669115, 18684087, 19783267, 10034171, 10806809, 11264564,
  11667980, 12091602, 12811067, 13190878, 13263975, 13947218, 13992867, 14415776, 14539739, 14961555, 15947104,
  16122037, 16377213, 16613429, 16691656, 16739392, 17997171, 18475468, 19356128, 19645794, 11149148, 11788497,
  12074215, 12168724, 12453379, 12546031, 13470745, 14546693, 14664560, 15519399, 15642021, 16148902, 17210785,
  17509752, 18324626, 18383938, 19496979, 19904446, 10030566, 10246238, 10622130, 10804631, 11223490, 11614016,
  12151776, 12827336, 13122131, 13313150, 13315557, 13333286, 13676372, 14247396, 14385971, 14515889, 14888649,
  15148777, 15616506, 15693180, 16047924, 16342851, 16389404, 16615529, 16926353, 18477796, 18546142, 18749464,
  18891541, 19528390, 19980800, 11449507, 11635373, 11743987, 12957096, 13771243, 13855662, 15290913, 15510752,
  15898276, 16021029, 16025717, 17880221, 18115673, 18434318, 19558328
)
